7.15256e-07 0 0.00000 0.00000 0.00000 0.00000 0.00000 0.00000 0.00000 0.00000 0.00000 0.00000 0.00000 0.00000 0.00000 0.00000 0.00000 0.00000 0.00000 0.00000 0.00000 0.00000 0.00000 0.00000 0.00000 0.00000 0.00000 0.00000 0.00000 0.00000 0.00000 0.00000 0.00000 0.00000 0.00000 0.00000 0 -1.57924e+09 -1.57924e+09 -1.57924e+09 -1.57924e+09 -1.57924e+09 
0.0999641 0 0.00000 0.00000 0.00000 0.00000 0.00000 0.00000 0.00000 0.00000 0.00000 0.00000 0.00000 0.00000 0.00000 0.00000 0.00000 0.00000 0.00000 0.00000 0.00000 0.00000 0.00000 0.00000 0.00000 0.00000 0.00000 0.00000 0.00000 0.00000 0.00000 0.00000 0.00000 0.00000 0.00000 0.00000 0 -1.57924e+09 -1.57924e+09 -1.57924e+09 -1.57924e+09 -1.57924e+09 
0.100137 0 0.00000 0.00000 0.00000 0.00000 0.00000 0.00000 0.00000 -0.00390625 0.177734 0.972656 10.3500 0.220000 -118.120 0.00000 0.00000 0.00000 0.00000 0.00000 0.00000 0.00000 0.00000 0.00000 0.00000 0.00000 0.00000 0.00000 0.00000 170.000 -1063.00 181.000 -3111.00 0.00000 0.00000 0.00000 0 -1.57924e+09 0.000359535 -1.57924e+09 -1.57924e+09 0.000403404 
0.0999241 0 0.00000 0.00000 0.00000 0.00000 0.00000 0.00000 0.00000 -0.0468750 0.170898 0.974609 9.93000 2.71000 -118.120 0.00000 0.00000 0.00000 0.00000 0.00000 0.00000 0.00000 0.00000 0.00000 0.00000 0.00000 0.00000 0.00000 0.00000 170.000 -1066.00 183.000 -3109.00 3.00000 0.435000 161.717 0 -1.57924e+09 0.000308514 -1.57924e+09 -1.57924e+09 0.000601292 
0.100016 0 0.00000 0.00000 0.00000 0.00000 0.122070 -0.122070 0.00000 -0.0263672 0.170898 0.979492 9.89000 1.51000 -118.120 0.00000 0.00000 0.00000 0.00000 0.00000 0.00000 0.534974 2.10815 14.3314 0.00000 0.00000 0.00000 2.68257 0.0164622 170.000 -1067.00 184.000 -3110.00 3.00000 0.434500 161.649 1 -1.57924e+09 0.000293255 -1.57924e+09 0.000425100 0.000635147 
0.0999444 15 5.83100 9.27000 24.9330 20.8160 0.122070 -0.183105 0.00000 -0.0185547 0.171875 0.981445 9.93000 1.06000 -118.120 0.00000 0.00000 0.00000 0.00000 0.00000 0.00000 0.534974 2.10815 14.3322 0.00000 0.00000 0.00000 0.591667 0.0535022 170.000 -1066.00 179.000 -3109.00 3.00000 0.434100 161.387 1 0.000333309 0.000291586 -1.57924e+09 0.000437498 0.000607967 
0.100036 15 5.83100 9.27000 24.9330 20.8160 0.00000 0.00000 0.00000 -0.0390625 0.176758 0.972656 10.2900 2.26000 -118.120 0.00000 0.00000 0.00000 0.00000 0.00000 0.00000 0.534974 2.10815 14.3264 0.00000 0.00000 0.00000 3.07527 0.0540166 170.000 -1066.00 181.000 -3110.00 3.00000 0.434400 161.619 1 -0.0996110 0.000295639 -1.57924e+09 0.000419378 0.000569344 
0.0999515 15 5.83100 9.27000 24.9330 20.8160 0.00000 0.00000 0.00000 -0.00292969 0.178711 0.982422 10.3000 0.160000 -118.120 0.00000 0.00000 0.00000 0.00000 0.00000 0.00000 0.534974 2.10815 14.3303 0.00000 0.00000 0.00000 -0.471239 0.0169767 170.000 -1068.00 183.000 -3112.00 3.00000 0.434700 161.762 1 -0.199647 0.000295162 -1.57924e+09 0.000424862 0.000598431 
-2811044.34200000   4717820.35200000   3232735.54600000   0.534972078453564   2.10814798878190   13.9675975609571   0.00000000000000   0.00000000000000   0.00000000000000    1 
0.100059 15 5.79800 9.23700 24.8950 20.7730 0.00000 0.00000 0.00000 -0.0205078 0.169922 0.986328 9.77000 1.17000 -118.120 0.00000 0.00000 0.00000 0.00000 0.00000 0.00000 0.534974 2.10815 14.3322 3.22055 13.4205 0.364587 -2.49757 0.00925999 170.000 -1067.00 184.000 -3111.00 3.00000 0.433800 161.574 1 0.000340223 0.000296593 -1.57924e+09 0.000761271 0.000994444 
0.0999534 15 5.79800 9.23700 24.8950 20.7730 0.00000 -0.244141 0.00000 -0.0351562 0.173828 0.979492 10.0500 2.02000 -118.120 0.00000 0.00000 0.00000 0.00000 0.00000 0.00000 0.534974 2.10815 14.3322 3.22127 13.4210 0.364587 0.603884 0.00874555 170.000 -1066.00 181.000 -3113.00 3.00000 0.433900 161.825 1 -0.0997183 0.000298738 -1.57924e+09 0.000424623 0.000685692 
0.0999918 15 5.79800 9.23700 24.8950 20.7730 0.00000 0.00000 0.00000 -0.00292969 0.178711 0.986328 10.2600 0.160000 -118.120 0.00000 0.00000 0.00000 0.00000 0.00000 0.00000 0.534974 2.10815 14.3303 3.22256 13.4216 0.362687 0.441568 0.0144044 170.000 -1065.00 180.000 -3106.00 3.00000 0.432100 162.022 1 -0.199672 0.000299692 -1.57924e+09 0.000424623 0.000689030 
0.100044 15 5.80800 9.25600 24.8950 20.8300 0.00000 -0.0610352 0.00000 -0.0429688 0.177734 0.966797 10.4000 2.50000 -118.120 0.00000 0.00000 0.00000 0.00000 0.00000 0.00000 0.534974 2.10815 14.3257 3.22237 13.4214 0.358087 -2.58309 0.00257222 170.000 -1071.00 181.000 -3110.00 3.00000 0.432100 161.930 1 0.000329733 0.000380278 -1.57924e+09 0.000482559 0.000733614 
0.0999515 15 5.80800 9.25600 24.8950 20.8300 0.00000 -0.122070 0.00000 -0.0283203 0.175781 0.971680 10.2400 1.64000 -118.120 0.00000 0.00000 0.00000 0.00000 0.00000 0.00000 0.534974 2.10815 14.3335 3.22435 13.4214 0.365887 -0.0349066 0.0200633 170.000 -1070.00 178.000 -3109.00 3.00000 0.431300 161.444 1 -0.0997148 0.000300169 -1.57924e+09 0.000429392 0.000697374 
0.0999978 15 5.76500 9.22300 24.8760 20.8020 0.00000 -0.122070 -0.0610352 0.00292969 0.187500 0.987305 10.7500 -0.160000 -118.120 0.00000 0.00000 0.00000 0.00000 0.00000 0.00000 0.534974 2.10815 14.3327 3.22304 13.4194 0.365087 -2.16595 0.0231500 170.000 -1066.00 176.000 -3107.00 3.00000 0.435500 161.394 1 0.000663042 0.000303745 -1.57924e+09 0.000430584 0.000709295 
0.100019 15 5.76500 9.22300 24.8760 20.8020 -0.0610352 -0.122070 0.00000 -0.0244141 0.185547 0.980469 10.7100 1.40000 -118.120 0.00000 0.00000 0.00000 0.00000 0.00000 0.00000 0.534974 2.10815 14.3307 3.22239 13.4217 0.363087 1.84481 0.0236644 170.000 -1064.00 181.000 -3112.00 3.00000 0.433600 162.054 1 -0.0993347 0.000305653 -1.57924e+09 0.000430584 0.000689030 
0.100055 15 5.76500 9.22300 24.8760 20.8020 0.00000 -0.122070 0.00000 -0.0214844 0.178711 0.974609 10.3800 1.24000 -118.120 0.00000 0.00000 0.00000 0.00000 0.00000 0.00000 0.534974 2.10815 14.3248 3.22188 13.4186 0.357187 -1.73311 0.0318955 170.000 -1064.00 181.000 -3112.00 3.00000 0.432700 162.125 1 -0.199354 0.000305653 -1.57924e+09 0.000429869 -0.0993304 
0.0999322 15 5.77000 9.21400 24.9090 20.7920 0.00000 -0.0610352 0.00000 -0.00878906 0.179688 0.976562 10.4200 0.500000 -118.120 0.00000 0.00000 0.00000 0.00000 0.00000 0.00000 0.534974 2.10815 14.3280 3.22196 13.4197 0.360387 1.50796 0.0113178 170.000 -1069.00 180.000 -3109.00 3.00000 0.432100 161.385 1 0.000362396 0.000343323 -1.57924e+09 0.000463486 0.000295877 
0.0999913 15 5.77000 9.21400 24.9090 20.7920 0.00000 0.0610352 0.00000 -0.0351562 0.175781 0.965820 10.3000 2.05000 -118.120 0.00000 0.00000 0.00000 0.00000 0.00000 0.00000 0.534974 2.10815 14.3299 3.22357 13.4191 0.362287 -0.371755 0.0174911 170.000 -1067.00 183.000 -3105.00 3.00000 0.433200 162.198 1 -0.0995698 0.000343800 -1.57924e+09 0.000449896 0.000294924 
0.100013 15 5.77000 9.21400 24.9090 20.7920 0.00000 0.00000 0.00000 -0.00683594 0.187500 0.986328 10.7600 0.390000 -118.120 0.00000 0.00000 0.00000 0.00000 0.00000 0.00000 0.534974 2.10815 14.3323 3.22304 13.4223 0.364687 1.73486 0.0324100 170.000 -1068.00 183.000 -3109.00 3.00000 0.433200 162.198 1 -0.199561 0.000338793 -1.57924e+09 0.000475407 0.000289202 
0.0999982 15 5.75600 9.23700 24.9040 20.8160 0.0610352 -0.0610352 0.00000 -0.00292969 0.180664 0.974609 10.5000 0.160000 -118.120 0.00000 0.00000 0.00000 0.00000 0.00000 0.00000 0.534974 2.10815 14.3415 3.22095 13.4218 0.373887 -2.89899 0.0216066 170.000 -1067.00 180.000 -3113.00 3.00000 0.433000 161.914 1 0.000390053 0.000371218 -1.57924e+09 0.000488043 0.000329733 
0.100067 15 5.75600 9.23700 24.9040 20.8160 0.00000 -0.0610352 0.00000 -0.0410156 0.161133 0.969727 9.42000 2.38000 -118.120 0.00000 0.00000 0.00000 0.00000 0.00000 0.00000 0.534974 2.10815 14.3353 3.22390 13.4225 0.367687 0.226893 0.0303522 170.000 -1066.00 179.000 -3109.00 3.00000 0.433300 162.004 1 -0.0996082 0.000339031 -1.57924e+09 0.000443220 0.000290394 
0.0999727 15 5.75600 9.23700 24.9040 20.8160 0.00000 0.00000 0.00000 -0.0156250 0.178711 0.985352 10.2700 0.890000 -118.120 0.00000 0.00000 0.00000 0.00000 0.00000 0.00000 0.534974 2.10815 14.3250 3.22117 13.4220 0.357387 -2.97928 0.0277800 170.000 -1067.00 182.000 -3109.00 3.00000 0.430400 161.465 1 -0.199676 0.000338554 -1.57924e+09 0.000442266 0.000290871 
0.0999491 15 5.80300 9.23300 24.9040 20.8200 0.00000 0.00000 0.00000 -0.0136719 0.176758 0.983398 10.1800 0.780000 -118.120 0.00000 0.00000 0.00000 0.00000 0.00000 0.00000 0.534974 2.10815 14.3331 3.22026 13.4220 0.365487 -3.12588 0.00925999 170.000 -1067.00 182.000 -3114.00 3.00000 0.432000 161.917 1 0.000393867 0.000372410 -1.57924e+09 0.000497341 0.000319958 
0.100011 15 5.80300 9.23300 24.9040 20.8200 0.00000 0.00000 -0.122070 -0.0361328 0.178711 0.970703 10.4200 2.09000 -118.120 0.00000 0.00000 0.00000 0.00000 0.00000 0.00000 0.534974 2.10815 14.3352 3.22180 13.4197 0.367587 -0.982620 0.0277800 170.000 -1068.00 184.000 -3107.00 3.00000 0.434200 161.723 1 -0.0995553 0.000398874 -1.57924e+09 0.000504255 0.000350475 
0.0999959 15 5.80300 9.23300 24.9040 20.8200 0.00000 0.00000 0.00000 -0.00683594 0.181641 0.973633 10.5600 0.390000 -118.120 0.00000 0.00000 0.00000 0.00000 0.00000 0.00000 0.534974 2.10815 14.3313 3.22033 13.4203 0.363687 2.71922 0.0159478 170.000 -1068.00 181.000 -3111.00 3.00000 0.434200 161.381 1 -0.199566 0.000302076 -1.57924e+09 0.000447273 0.000345707 
0.100064 15 5.75100 9.23300 24.8900 20.8020 0.0610352 -0.122070 0.00000 -0.0263672 0.176758 0.962891 10.3900 1.54000 -118.120 0.00000 0.00000 0.00000 0.00000 0.00000 0.00000 0.534974 2.10815 14.3271 3.22055 13.4239 0.359487 1.50447 0.0349822 170.000 -1067.00 185.000 -3110.00 3.00000 0.430600 161.783 1 0.000295877 0.000347614 -1.57924e+09 0.000465870 0.000366688 
0.100052 15 5.75100 9.23300 24.8900 20.8020 0.00000 -0.0610352 0.00000 -0.0332031 0.170898 0.973633 9.94000 1.92000 -118.120 0.00000 0.00000 0.00000 0.00000 0.00000 0.00000 0.534974 2.10815 14.3283 3.22119 13.4214 0.360687 -1.31249 0.0252078 170.000 -1065.00 184.000 -3107.00 3.00000 0.432600 161.887 1 -0.0997679 0.000310183 -1.57924e+09 0.000460386 0.000357151 
0.0999229 15 5.78900 9.23300 24.8760 20.8200 0.00000 0.00000 0.00000 -0.00585938 0.188477 0.973633 10.9500 0.330000 -118.120 0.00000 0.00000 0.00000 0.00000 0.00000 0.00000 0.534974 2.10815 14.3340 3.22076 13.4222 0.366387 2.08916 0.00874555 170.000 -1067.00 183.000 -3108.00 3.00000 0.431500 162.125 1 0.000749588 0.000317812 -1.57924e+09 0.000518560 0.000366688 
0.0999951 15 5.78900 9.23300 24.8760 20.8200 0.00000 -0.0610352 0.00000 -0.0400391 0.177734 0.971680 10.3500 2.32000 -118.120 0.00000 0.00000 0.00000 0.00000 0.00000 0.00000 0.534974 2.10815 14.3287 3.22338 13.4233 0.361087 0.394444 0.0282944 170.000 -1070.00 183.000 -3111.00 3.00000 0.431500 162.125 1 -0.0991733 0.000304461 -1.57924e+09 0.000489712 0.000351191 
0.100010 15 5.78900 9.23300 24.8760 20.8200 0.00000 -0.0610352 -0.122070 -0.0195312 0.177734 0.979492 10.2800 1.12000 -118.120 0.00000 0.00000 0.00000 0.00000 0.00000 0.00000 0.534974 2.10815 14.3294 3.22287 13.4235 0.361787 2.73668 0.00565888 170.000 -1067.00 183.000 -3111.00 3.00000 0.430900 161.910 1 -0.199168 0.000346422 -1.57924e+09 0.000491381 0.000388861 
0.0999837 15 5.77000 9.24700 24.9040 20.8390 0.00000 -0.183105 0.00000 -0.0117188 0.179688 0.959961 10.6000 0.680000 -118.120 -231.142 233.050 0.954132 0.00000 0.00000 0.00000 0.534974 2.10815 14.3304 3.22285 13.4222 0.362787 -1.58476 0.0133755 170.000 -1067.00 184.000 -3115.00 3.00000 0.429900 161.863 1 0.000396729 0.000298977 0.000379801 0.000497580 0.000346899 
0.100049 15 5.77000 9.24700 24.9040 20.8390 0.00000 0.0610352 0.00000 -0.0410156 0.174805 0.968750 10.2100 2.38000 -118.120 -231.142 233.050 0.954132 0.00000 0.00000 0.00000 0.534974 2.10815 14.3295 3.22044 13.4224 0.361887 3.05782 0.0241789 170.000 -1065.00 185.000 -3110.00 3.00000 0.433900 161.914 1 -0.0995870 0.000305653 0.000384092 0.000488520 0.000352621 
0.0999501 15 5.77000 9.24700 24.9040 20.8390 0.00000 0.00000 0.00000 -0.0175781 0.174805 0.981445 10.0900 1.01000 -118.120 -231.142 233.050 0.954132 0.00000 0.00000 0.00000 0.534974 2.10815 14.3241 3.22188 13.4241 0.356487 0.865683 0.0221211 170.000 -1066.00 183.000 -3110.00 3.00000 0.434300 161.827 1 -0.199636 0.000302315 0.000380278 0.000489950 0.000347853 
0.0999999 15 5.78000 9.28400 24.9280 20.8020 0.00000 -0.122070 0.00000 -0.0214844 0.171875 0.971680 10.0200 1.24000 -118.120 -231.142 233.050 0.954132 0.00000 0.00000 0.00000 0.534974 2.10815 14.3305 3.22336 13.4246 0.362887 0.343830 0.0154333 170.000 -1066.00 184.000 -3110.00 3.00000 0.433300 162.723 1 0.000407696 0.000310421 0.000390530 0.000511646 0.000356913 
0.100014 15 5.78000 9.28400 24.9280 20.8020 0.00000 -0.0610352 0.00000 -0.0322266 0.173828 0.976562 10.0800 1.86000 -118.120 -231.142 233.050 0.954132 0.00000 0.00000 0.00000 0.534974 2.10815 14.3277 3.22458 13.4224 0.360087 -1.06814 0.0252078 170.000 -1062.00 182.000 -3109.00 3.00000 0.431600 161.921 1 -0.0995922 0.000336170 0.000411272 0.000514746 0.000379801 
0.100000 15 5.78000 9.28400 24.9280 20.8020 0.00000 0.0610352 0.00000 -0.0156250 0.178711 0.979492 10.3300 0.890000 -118.120 -231.142 233.050 0.954132 0.00000 0.00000 0.00000 0.534974 2.10815 14.3265 3.22135 13.4213 0.358887 -2.82743 0.0339533 170.000 -1063.00 184.000 -3109.00 3.00000 0.432800 162.255 1 -0.199606 0.000307560 0.000387669 0.000490665 0.000355244 
0.100028 15 5.77500 9.27000 24.8670 20.7920 0.00000 -0.0610352 0.00000 -0.0117188 0.181641 0.963867 10.6700 0.680000 -118.120 -231.142 233.050 0.954132 0.00000 0.00000 0.00000 0.534974 2.10815 14.3329 3.22461 13.4203 0.365287 -0.298451 0.0339533 170.000 -1065.00 185.000 -3109.00 3.00000 0.433100 162.072 1 0.000386238 0.000320911 0.000417471 0.000520706 0.000367165 
0.0999804 15 5.77500 9.27000 24.8670 20.7920 0.00000 -0.122070 0.00000 -0.0273438 0.171875 0.983398 9.91000 1.56000 -118.120 -231.142 233.050 0.954132 0.00000 0.00000 0.00000 0.534974 2.10815 14.3261 3.22323 13.4241 0.358487 1.92335 0.0401266 170.000 -1065.00 184.000 -3115.00 3.00000 0.434000 162.123 1 -0.0996418 0.000304699 0.000380993 0.000486851 0.000349998 
0.0999813 15 5.77500 9.27000 24.8670 20.7920 0.00000 -0.0610352 0.00000 -0.000976562 0.174805 0.968750 10.2200 0.0500000 -118.120 -231.142 233.050 0.954132 0.00000 0.00000 0.00000 0.534974 2.10815 14.3279 3.22312 13.4244 0.360287 1.92510 0.00308666 170.000 -1064.00 182.000 -3110.00 3.00000 0.434000 162.123 1 -0.199622 0.000324011 0.000405073 0.000597954 0.000371695 
0.100018 15 5.78900 9.23700 24.8860 20.8110 0.00000 -0.0610352 0.0610352 -0.0292969 0.170898 0.972656 9.96000 1.69000 -118.120 -231.142 233.050 0.954124 0.00000 -1.69530e-05 -8.47652e-06 0.534974 2.10815 14.3247 3.22494 13.4215 0.357087 -1.01055 0.0344677 170.000 -1064.00 182.000 -3107.00 3.00000 0.432700 162.346 1 0.000408411 0.000324965 0.000454426 0.000557184 0.000424623 
0.100079 15 5.78900 9.23700 24.8860 20.8110 0.00000 -0.122070 -0.0610352 -0.0332031 0.174805 0.970703 10.2000 1.92000 -118.120 -231.142 233.050 0.954124 0.00000 -1.52584e-05 -7.62920e-06 0.534974 2.10815 14.3308 3.22269 13.4236 0.363187 2.39285 0.0308666 170.000 -1064.00 180.000 -3109.00 3.00000 0.432700 162.346 1 -0.0996099 0.000316381 0.000399590 0.000504971 0.000365257 
0.0999153 15 5.77000 9.24200 24.8900 20.8160 0.00000 -0.0610352 0.00000 -0.0126953 0.169922 0.965820 9.97000 0.740000 -118.120 -231.142 233.050 0.954124 0.00000 -1.38700e-05 -6.93501e-06 0.534974 2.10815 14.3353 3.22414 13.4217 0.367687 -0.900590 0.0231500 170.000 -1064.00 180.000 -3105.00 3.00000 0.431500 161.894 1 0.000863791 0.000313759 0.000423908 0.000604153 0.000392437 
0.100011 15 5.77000 9.24200 24.8900 20.8160 0.00000 -0.0610352 -0.0610352 -0.0302734 0.187500 0.967773 10.9500 1.75000 -118.120 -231.142 233.050 0.954124 0.00000 -1.27156e-05 -6.35779e-06 0.534974 2.10815 14.3305 3.22114 13.4225 0.362887 2.87979 0.0308666 170.000 -1068.00 183.000 -3108.00 3.00000 0.431900 162.134 1 -0.0990515 0.000306368 0.000386953 0.000494957 0.000354290 
0.0999877 15 5.77000 9.24200 24.8900 20.8160 0.00000 0.00000 0.00000 -0.0244141 0.177734 0.980469 10.2700 1.40000 -118.120 -231.142 233.050 0.954124 0.00000 -1.17375e-05 -5.86874e-06 0.534974 2.10815 14.3260 3.22245 13.4229 0.358387 0.237365 0.0133755 170.000 -1064.00 182.000 -3115.00 3.00000 0.432000 161.963 1 -0.199063 0.000299931 0.000376463 0.000479460 0.000344753 
0.0999894 15 5.79400 9.26500 24.8530 20.8060 0.0610352 0.00000 0.00000 -0.00488281 0.187500 0.971680 10.9200 0.280000 -118.120 -231.142 233.050 0.954124 0.00000 -1.08990e-05 -5.44951e-06 0.534974 2.10815 14.3235 3.22352 13.4232 0.355887 0.287979 0.0113178 170.000 -1064.00 182.000 -3112.00 3.00000 0.434600 162.116 1 0.000413656 0.000319481 0.000396490 0.000512123 0.000364780 
0.0999939 15 5.79400 9.26500 24.8530 20.8060 -0.122070 0.00000 -0.0610352 -0.0341797 0.179688 0.963867 10.5500 1.99000 -118.120 -231.142 233.050 0.954124 0.00000 -1.01721e-05 -5.08604e-06 0.534974 2.10815 14.3287 3.22411 13.4232 0.361087 -0.0628319 0.00565888 170.000 -1067.00 180.000 -3111.00 3.00000 0.432300 161.921 1 -0.0995758 0.000377178 0.000457048 0.000590801 0.000422716 
0.100009 15 5.79400 9.26500 24.8530 20.8060 0.00000 -0.0610352 0.00000 -0.0185547 0.171875 0.983398 9.91000 1.06000 -118.120 -231.142 233.050 0.954124 0.00000 -9.53697e-06 -4.76848e-06 0.534974 2.10815 14.3246 3.22057 13.4236 0.356987 3.01418 0.0360111 170.000 -1068.00 181.000 -3113.00 3.00000 0.436800 162.176 1 -0.199570 0.000319004 0.000360727 0.000504017 0.000397921 
0.100069 15 5.79400 9.26100 24.8760 20.8250 0.00000 0.00000 0.00000 -0.0224609 0.179688 0.972656 10.4600 1.30000 -118.120 -231.142 233.050 0.954124 0.00000 -8.97582e-06 -4.48791e-06 0.534974 2.10815 14.3247 3.22180 13.4238 0.357087 0.172788 0.0123467 170.000 -1064.00 179.000 -3114.00 3.00000 0.430600 162.573 1 0.000396252 0.000299692 0.000377655 0.000504732 0.000344992 
0.0999911 15 5.79400 9.26100 24.8760 20.8250 0.00000 -0.0610352 0.00000 -0.0332031 0.169922 0.983398 9.79000 1.90000 -118.120 -231.142 233.050 0.954124 0.00000 -8.47683e-06 -4.23842e-06 0.534974 2.10815 14.3226 3.22189 13.4229 0.354987 -1.46259 0.00925999 170.000 -1065.00 174.000 -3113.00 3.00000 0.430600 162.573 1 -0.0996726 0.000303268 0.000378370 0.00107503 0.000346899 
0.0999539 15 5.79400 9.26100 24.8760 20.8250 0.00000 -0.244141 0.00000 -0.00585938 0.186523 0.991211 10.6500 0.330000 -118.120 -231.142 233.050 0.954124 0.00000 -8.03069e-06 -4.01534e-06 0.534974 2.10815 14.3335 3.22616 13.4221 0.365887 -0.181514 0.0432133 170.000 -1064.00 178.000 -3114.00 3.00000 0.434600 161.861 1 -0.199664 0.000313759 0.000389338 0.000548840 0.000425577 
0.0999990 15 5.80800 9.24700 24.8670 20.8020 0.00000 0.0610352 0.00000 -0.0205078 0.172852 0.977539 10.0200 1.18000 -118.120 -231.142 233.050 0.954124 0.00000 -7.62919e-06 -3.81459e-06 0.534974 2.10815 14.3284 3.22272 13.4235 0.360787 2.75413 0.0370400 170.000 -1066.00 178.000 -3115.00 3.00000 0.433300 161.541 1 0.000384331 0.000345469 0.000430346 0.000528574 0.000401020 
0.100000 15 5.80800 9.24700 24.8670 20.8020 0.00000 0.0610352 -0.0610352 -0.0224609 0.182617 0.996094 10.3800 1.27000 -118.120 -231.142 233.050 0.954124 0.00000 -7.26593e-06 -3.63296e-06 0.534974 2.10815 14.3245 3.22529 13.4218 0.356887 -0.588176 0.0308666 170.000 -1065.00 178.000 -3111.00 3.00000 0.430900 162.249 1 -0.0996146 0.000309229 0.000423670 0.000527382 0.000391722 
0.100003 15 5.80800 9.24700 24.8670 20.8020 0.00000 0.00000 0.00000 -0.00976562 0.184570 0.979492 10.6700 0.560000 -118.120 -231.142 233.050 0.954124 0.00000 -6.93564e-06 -3.46782e-06 0.534974 2.10815 14.3277 3.22237 13.4231 0.360087 2.72271 0.0318955 170.000 -1065.00 180.000 -3114.00 3.00000 0.434200 161.442 1 -0.199615 0.000394583 0.000430584 0.000622749 0.000467062 
0.100052 15 5.77000 9.21900 24.8900 20.8340 0.00000 0.0610352 0.00000 -0.0400391 0.171875 0.955078 10.1900 2.36000 -118.120 -231.142 233.050 0.954124 0.00000 -6.63239e-06 -3.31619e-06 0.534974 2.10815 14.3295 3.22256 13.4203 0.361887 -1.50447 0.0277800 170.000 -1064.00 181.000 -3109.00 3.00000 0.431200 162.235 1 0.000975370 0.000934124 0.00102162 0.00112510 0.000993013 
0.0999446 15 5.77000 9.21900 24.8900 20.8340 0.00000 0.00000 0.00000 -0.0234375 0.184570 0.980469 10.6500 1.34000 -118.120 -231.142 233.050 0.954124 0.00000 -6.35766e-06 -3.17883e-06 0.534974 2.10815 14.3248 3.22405 13.4238 0.357187 1.16413 0.0375544 170.000 -1064.00 179.000 -3111.00 3.00000 0.430100 161.900 1 -0.0990765 0.000351667 0.000386000 0.000559807 0.000425339 
0.100003 15 5.77500 9.23300 24.8670 20.8340 0.0610352 -0.122070 0.0610352 0.000976562 0.192383 0.986328 11.0300 -0.0500000 -118.120 -231.142 233.050 0.954124 0.00000 -6.10350e-06 -3.05175e-06 0.534974 2.10815 14.3345 3.22525 13.4222 0.366887 -0.919789 0.0195489 170.000 -1065.00 179.000 -3116.00 3.00000 0.431800 162.074 1 0.000822783 0.000345707 0.000382185 0.000598669 0.000478029 
0.100050 15 5.77500 9.23300 24.8670 20.8340 0.00000 0.00000 0.00000 -0.0390625 0.171875 0.977539 9.96000 2.25000 -118.120 -231.142 233.050 0.954124 0.00000 -5.86861e-06 -2.93430e-06 0.534974 2.10815 14.3228 3.22390 13.4230 0.355187 2.58832 0.0159478 170.000 -1063.00 177.000 -3115.00 3.00000 0.434000 162.159 1 -0.0991802 0.000411034 0.000443697 0.000603676 0.000479937 
0.0999279 15 5.77500 9.23300 24.8670 20.8340 0.00000 -0.0610352 0.0610352 -0.0126953 0.173828 0.969727 10.1600 0.730000 -118.120 -231.142 233.050 0.954124 0.00000 -5.65128e-06 -2.82564e-06 0.534974 2.10815 14.3289 3.22406 13.4229 0.361287 -0.659734 0.00205778 170.000 -1067.00 180.000 -3113.00 3.00000 0.432200 161.949 1 -0.199231 0.000307798 0.000382662 0.000555038 0.000419140 
0.100170 15 5.76500 9.23300 24.8900 20.8110 0.00000 0.00000 0.00000 -0.0175781 0.182617 0.967773 10.6800 1.02000 -118.120 -231.142 233.050 0.954124 0.00000 -5.44957e-06 -2.72479e-06 0.534974 2.10815 14.3258 3.22116 13.4227 0.358187 -3.07876 0.0288089 170.000 -1063.00 180.000 -3109.00 3.00000 0.431800 162.429 1 0.000443220 0.000358582 0.000392914 0.000560045 0.000427723 
0.0998418 15 5.76500 9.23300 24.8900 20.8110 -0.0610352 -0.122070 0.00000 -0.0439453 0.170898 0.958984 10.0900 2.58000 -118.120 -231.142 233.050 0.954124 0.00000 -5.26130e-06 -2.63065e-06 0.534974 2.10815 14.3240 3.22063 13.4209 0.356387 -1.85354 0.0190344 170.000 -1067.00 181.000 -3108.00 3.00000 0.433200 162.514 1 -0.0997269 0.000320435 0.000421762 0.000559807 0.000460148 
0.100003 15 5.76500 9.23300 24.8900 20.8110 0.00000 0.00000 0.00000 -0.00976562 0.187500 0.980469 10.8200 0.560000 -118.120 -231.142 233.050 0.954124 0.00000 -5.08625e-06 -2.54312e-06 0.534974 2.10815 14.3262 3.22015 13.4218 0.358587 2.06472 0.0102889 170.000 -1068.00 182.000 -3111.00 3.00000 0.432000 162.005 1 -0.199569 0.000361204 0.000393629 0.000528574 0.000430346 
0.100057 15 5.81700 9.22800 24.8670 20.8110 0.00000 -0.0610352 0.00000 -0.0292969 0.170898 0.972656 9.96000 1.69000 -118.120 -231.142 233.050 0.954124 0.00000 -4.92140e-06 -2.46070e-06 0.534974 2.10815 14.3316 3.22502 13.4209 0.363987 -0.172788 0.0493866 170.000 -1069.00 185.000 -3112.00 3.00000 0.427900 162.493 1 0.000933647 0.000801563 0.000880718 0.00103259 0.000917196 
0.0999529 15 5.81700 9.22800 24.8670 20.8110 0.00000 0.00000 0.00000 -0.0371094 0.172852 0.975586 10.0400 2.14000 -118.120 -231.142 233.050 0.954124 0.00000 -4.76827e-06 -2.38414e-06 0.534974 2.10815 14.3268 3.22328 13.4229 0.359187 2.29162 0.0262366 170.000 -1069.00 183.000 -3110.00 3.00000 0.430800 162.102 1 -0.0991232 0.000354528 0.000389338 0.000551701 0.000424862 
0.100042 15 5.81700 9.22800 24.8670 20.8110 0.00000 0.00000 0.00000 -0.00683594 0.177734 0.977539 10.3000 0.390000 -118.120 -231.142 233.050 0.954124 0.00000 -4.62385e-06 -2.31192e-06 0.534974 2.10815 14.3292 3.22363 13.4212 0.361587 -1.36485 0.0174911 170.000 -1067.00 180.000 -3111.00 3.00000 0.430800 161.624 1 -0.199076 0.000352144 0.000388622 0.000595331 0.000455618 
0.0999460 15 5.76500 9.21400 24.8720 20.8390 0.00000 -0.183105 0.00000 -0.0195312 0.172852 0.991211 9.89000 1.11000 -118.120 -231.142 233.050 0.954124 0.00000 -4.48777e-06 -2.24388e-06 0.534974 2.10815 14.3290 3.22398 13.4230 0.361387 1.36834 0.0180055 170.000 -1066.00 182.000 -3108.00 3.00000 0.433500 162.293 1 0.000383377 0.000343800 0.000414133 0.000556707 0.000432014 
0.100002 15 5.76500 9.21400 24.8720 20.8390 -0.0610352 -0.122070 0.00000 -0.0175781 0.187500 0.981445 10.8100 1.00000 -118.120 -231.142 233.050 0.954124 0.00000 -4.35966e-06 -2.17983e-06 0.534974 2.10815 14.3276 3.22619 13.4230 0.359987 0.00174533 0.0221211 170.000 -1068.00 182.000 -3107.00 3.00000 0.429500 162.555 1 -0.0995626 0.000344276 0.000377178 0.000512838 0.000413179 
0.100056 15 5.76500 9.21400 24.8720 20.8390 0.00000 -0.122070 0.00000 -0.0136719 0.181641 0.971680 10.5800 0.790000 -118.120 -231.142 233.050 0.954124 0.00000 -4.23856e-06 -2.11928e-06 0.534974 2.10815 14.3279 3.22398 13.4222 0.360287 -2.78729 0.0236644 170.000 -1070.00 181.000 -3108.00 3.00000 0.432200 162.566 1 -0.199565 0.000343323 0.000376701 0.000511646 0.000412941 
