2.38419e-07 0 0.00000 0.00000 0.00000 0.00000 0.00000 0.00000 0.00000 0.00000 0.00000 0.00000 0.00000 0.00000 0.00000 0.00000 0.00000 0.00000 0.00000 0.00000 0.00000 0.00000 0.00000 0.00000 0.00000 0.00000 0.00000 0.00000 0.00000 0.00000 0.00000 0.00000 0.00000 0.00000 0.00000 0.00000 0 -1.57924e+09 -1.57924e+09 -1.57924e+09 -1.57924e+09 -1.57924e+09 
0.101212 0 0.00000 0.00000 0.00000 0.00000 0.00000 -0.0610352 0.00000 0.00000 0.182617 0.962891 10.7300 0.00000 -118.270 0.00000 0.00000 0.00000 0.00000 0.00000 0.00000 0.00000 0.00000 0.00000 0.00000 0.00000 0.00000 0.00000 0.00000 0.00000 0.00000 0.00000 0.00000 0.00000 0.00000 0.00000 0 -1.57924e+09 0.000460148 -1.57924e+09 -1.57924e+09 -1.57924e+09 
0.0973005 0 0.00000 0.00000 0.00000 0.00000 0.00000 0.0610352 0.00000 -0.0292969 0.183594 0.978516 10.6200 1.68000 -118.270 0.00000 0.00000 0.00000 0.00000 0.00000 0.00000 0.00000 0.00000 0.00000 0.00000 0.00000 0.00000 0.00000 0.00000 0.00000 0.00000 0.00000 0.00000 0.00000 0.00000 0.00000 0 -1.57924e+09 0.000253677 -1.57924e+09 -1.57924e+09 -1.57924e+09 
0.0999727 15 5.78000 9.28900 24.9420 20.8440 0.00000 -0.183105 0.00000 -0.0371094 0.177734 0.972656 10.3400 2.14000 -118.270 0.00000 0.00000 0.00000 0.00000 0.00000 0.00000 0.00000 0.00000 0.00000 0.00000 0.00000 0.00000 0.00000 0.00000 170.000 -1070.00 177.000 -3107.00 3.00000 0.435200 160.655 0 0.000371695 0.000310659 -1.57924e+09 -1.57924e+09 0.000353575 
0.100882 15 5.78000 9.28900 24.9420 20.8440 0.00000 0.00000 0.00000 -0.0351562 0.171875 0.976562 9.97000 2.03000 -118.270 0.00000 0.00000 0.00000 0.00000 0.00000 0.00000 0.00000 0.00000 0.00000 0.00000 0.00000 0.00000 0.00000 0.00000 170.000 -1071.00 179.000 -3109.00 3.00000 0.439000 160.910 0 -0.0996010 0.000335217 -1.57924e+09 -1.57924e+09 0.000375986 
0.0991087 15 5.78000 9.28900 24.9420 20.8440 0.00000 0.0610352 0.00000 0.00390625 0.183594 0.989258 10.5100 -0.220000 -118.270 0.00000 0.00000 0.00000 0.00000 0.00000 0.00000 0.534974 2.10815 14.3446 0.00000 0.00000 0.00000 2.83441 0.00102889 170.000 -1070.00 178.000 -3107.00 3.00000 0.438500 161.062 1 -0.200483 0.000271797 -1.57924e+09 0.000422001 0.000309706 
0.100010 15 5.75100 9.29400 24.8860 20.8020 0.00000 0.00000 0.00000 -0.00390625 0.165039 0.980469 9.55000 0.220000 -118.270 0.00000 0.00000 0.00000 0.00000 0.00000 0.00000 0.534974 2.10815 14.3428 0.00000 0.00000 0.00000 0.406662 0.00925999 170.000 -1070.00 178.000 -3110.00 3.00000 0.436500 161.320 1 0.000339508 0.000298262 -1.57924e+09 0.000455856 0.000356674 
0.100077 15 5.75100 9.29400 24.8860 20.8020 0.00000 -0.0610352 -0.0610352 -0.0458984 0.172852 0.954102 10.2500 2.71000 -118.270 0.00000 0.00000 0.00000 0.00000 0.00000 0.00000 0.534974 2.10815 14.3471 0.00000 0.00000 0.00000 -0.486947 0.0277800 170.000 -1068.00 178.000 -3112.00 3.00000 0.436600 161.348 1 -0.0996709 0.000290632 -1.57924e+09 0.000435591 0.000330925 
-2811044.34200000   4717820.35200000   3232735.54600000   0.534972078453564   2.10814798878190   13.9675975609571   0.00000000000000   0.00000000000000   0.00000000000000    1 
0.100366 15 5.75100 9.29400 24.8860 20.8020 0.0610352 0.00000 0.00000 -0.0351562 0.174805 0.989258 10.0100 2.00000 -118.270 0.00000 0.00000 0.00000 0.00000 0.00000 0.00000 0.534974 2.10815 14.3357 3.22782 13.4122 0.368087 2.80823 0.0318955 170.000 -1068.00 181.000 -3112.00 3.00000 0.435800 161.131 1 -0.199748 0.000284433 -1.57924e+09 0.000586510 0.000325441 
0.0999286 3 5.74700 9.26100 0.00000 0.00000 0.00000 -0.0610352 0.00000 -0.0224609 0.179688 0.972656 10.4600 1.30000 -118.270 0.00000 0.00000 0.00000 0.00000 0.00000 0.00000 0.534974 2.10815 14.3369 3.22338 13.4111 0.369287 -2.90772 0.0457855 170.000 -1067.00 178.000 -3114.00 3.00000 0.438200 161.167 1 0.000266075 0.000317335 -1.57924e+09 0.000438929 0.000338078 
0.0999815 3 5.74700 9.26100 0.00000 0.00000 0.00000 0.00000 0.00000 0.00292969 0.177734 0.986328 10.2100 -0.160000 -118.270 0.00000 0.00000 0.00000 0.00000 0.00000 0.00000 0.534974 2.10815 14.3408 3.22466 13.4111 0.373187 -0.0349066 0.0128611 170.000 -1068.00 178.000 -3112.00 3.00000 0.437200 161.093 1 -0.0996625 0.000277996 -1.57924e+09 0.000422955 0.000317812 
0.0999610 3 5.75600 9.28400 0.00000 0.00000 0.00000 0.0610352 0.00000 -0.0234375 0.181641 0.968750 10.6100 1.36000 -118.270 0.00000 0.00000 0.00000 0.00000 0.00000 0.00000 0.534974 2.10815 14.3379 3.22414 13.4107 0.370287 -2.53422 0.00617333 170.000 -1064.00 176.000 -3111.00 3.00000 0.435900 161.662 1 0.000727415 0.000325918 -1.57924e+09 0.000470400 0.000366926 
0.100007 3 5.75600 9.28400 0.00000 0.00000 0.00000 0.00000 0.00000 -0.0439453 0.173828 0.952148 10.3300 2.59000 -118.270 0.00000 0.00000 0.00000 0.00000 0.00000 0.00000 0.534974 2.10815 14.3301 3.22437 13.4122 0.362487 1.42419 0.0149189 170.000 -1065.00 178.000 -3113.00 3.00000 0.436300 161.293 1 -0.0992336 0.000280142 -1.57924e+09 0.000424147 0.000320196 
0.100418 3 5.75600 9.28400 0.00000 0.00000 0.00000 -0.122070 0.00000 -0.0468750 0.174805 0.967773 10.2200 2.72000 -118.270 0.00000 0.00000 0.00000 0.00000 0.00000 0.00000 0.534974 2.10815 14.3399 3.22232 13.4095 0.372287 -2.22704 0.0334389 170.000 -1067.00 178.000 -3111.00 3.00000 0.437400 161.454 1 -0.199240 0.000278950 -1.57924e+09 0.000425577 0.000319242 
0.0995913 15 5.78400 9.26500 24.8720 20.8110 0.00000 0.00000 0.00000 -0.0253906 0.170898 0.977539 9.91000 1.46000 -118.270 0.00000 0.00000 0.00000 0.00000 0.00000 0.00000 0.534974 2.10815 14.3353 3.22322 13.4110 0.367687 1.01753 0.0169767 170.000 -1066.00 177.000 -3112.00 3.00000 0.438400 161.277 1 0.000618696 0.000237942 -1.57924e+09 0.000409603 0.000277758 
0.100000 15 5.78400 9.26500 24.8720 20.8110 0.00000 -0.0610352 0.00000 -0.0107422 0.181641 0.973633 10.5600 0.620000 -118.270 0.00000 0.00000 0.00000 0.00000 0.00000 0.00000 0.534974 2.10815 14.3414 3.22547 13.4133 0.373787 0.788889 0.0318955 170.000 -1067.00 178.000 -3105.00 3.00000 0.438800 161.378 1 -0.0989726 0.000280142 -1.57924e+09 0.000425339 0.000320435 
0.0999811 15 5.78400 9.26500 24.8720 20.8110 0.00000 0.122070 0.00000 0.00292969 0.188477 0.989258 10.7800 -0.160000 -118.280 0.00000 0.00000 0.00000 0.00000 0.00000 0.00000 0.534974 2.10815 14.3488 3.22665 13.4129 0.381187 -0.328122 0.0123467 170.000 -1071.00 178.000 -3113.00 3.00000 0.438700 161.057 1 -0.198973 0.000283957 -1.57924e+09 0.000429392 0.000325441 
0.101287 15 5.77000 9.23700 24.9230 20.8060 -0.0610352 0.0610352 0.00000 -0.0390625 0.179688 0.983398 10.3400 2.23000 -118.270 0.00000 0.00000 0.00000 0.00000 0.00000 0.00000 0.534974 2.10815 14.3488 3.22659 13.4131 0.381187 1.82561 0.00205778 170.000 -1070.00 178.000 -3107.00 3.00000 0.439500 161.144 1 0.000550747 0.000284195 -1.57924e+09 0.000428200 0.000324488 
0.0989466 15 5.77000 9.23700 24.9230 20.8060 0.00000 0.00000 0.00000 -0.0429688 0.173828 0.965820 10.1900 2.50000 -118.270 0.00000 0.00000 0.00000 0.00000 0.00000 0.00000 0.534974 2.10815 14.3498 3.22529 13.4135 0.382187 2.83965 0.0138900 170.000 -1068.00 177.000 -3107.00 3.00000 0.433100 161.905 1 -0.100737 0.000252962 -1.57924e+09 0.000430107 0.000325680 
0.0998321 15 5.77000 9.23700 24.9230 20.8060 0.00000 -0.122070 0.00000 -0.0380859 0.174805 0.949219 10.4200 2.25000 -118.270 0.00000 0.00000 0.00000 0.00000 0.00000 0.00000 0.534974 2.10815 14.3452 3.22747 13.4114 0.377587 -0.764454 0.0303522 170.000 -1068.00 175.000 -3106.00 3.00000 0.441500 161.092 1 -0.199683 0.000281334 -1.57924e+09 0.000429392 0.000321150 
0.0999672 15 5.79400 9.28000 24.8860 20.7920 0.00000 -0.122070 0.00000 -0.00488281 0.186523 0.977539 10.8000 0.280000 -118.270 0.00000 0.00000 0.00000 0.00000 0.00000 0.00000 0.534974 2.10815 14.3446 3.22627 13.4129 0.376987 2.23402 0.0195489 170.000 -1069.00 174.000 -3107.00 3.00000 0.437700 161.664 1 0.000324488 0.000282049 -1.57924e+09 0.000439882 0.000341177 
0.100003 15 5.79400 9.28000 24.8860 20.7920 0.00000 0.00000 0.00000 -0.0117188 0.184570 0.970703 10.7600 0.670000 -118.270 0.00000 0.00000 0.00000 0.00000 0.00000 0.00000 0.534974 2.10815 14.3429 3.22454 13.4121 0.375287 -2.72097 0.0190344 170.000 -1067.00 174.000 -3107.00 3.00000 0.435100 162.182 1 -0.0996428 0.000276804 -1.57924e+09 0.000396967 0.000522852 
0.100013 15 5.79400 9.28000 24.8860 20.7920 0.00000 0.00000 -0.0610352 -0.0361328 0.182617 0.969727 10.6500 2.09000 -118.270 0.00000 0.00000 0.00000 0.00000 0.00000 0.00000 0.534974 2.10815 14.3475 3.22545 13.4115 0.379887 -0.631809 0.0113178 170.000 -1069.00 175.000 -3107.00 3.00000 0.434400 162.018 1 -0.199646 0.000277042 -1.57924e+09 0.000399828 0.000524044 
0.100038 15 5.74700 9.24700 24.8900 20.8300 -0.0610352 -0.0610352 0.00000 -0.0410156 0.173828 0.982422 10.0200 2.35000 -118.270 0.00000 0.00000 0.00000 0.00000 0.00000 0.00000 0.534974 2.10815 14.3524 3.22761 13.4091 0.384787 -0.841249 0.0324100 170.000 -1069.00 176.000 -3107.00 3.00000 0.436300 162.324 1 0.000311136 0.000359535 -1.57924e+09 0.000467062 0.000588894 
0.109469 15 5.74700 9.24700 24.8900 20.8300 0.00000 0.00000 0.00000 -0.00683594 0.185547 0.976562 10.7500 0.390000 -118.270 0.00000 0.00000 0.00000 0.00000 0.00000 0.00000 0.534974 2.10815 14.3490 3.22317 13.4116 0.381387 2.61799 0.0514444 170.000 -1068.00 175.000 -3108.00 3.00000 0.434100 162.296 1 -0.0997272 0.000283003 -1.57924e+09 0.000410795 0.000546932 
0.0933695 15 5.77000 9.23700 24.9230 20.8300 0.00000 0.00000 0.00000 -0.0195312 0.177734 0.969727 10.3800 1.13000 -118.270 0.00000 0.00000 0.00000 0.00000 0.00000 0.00000 0.534974 2.10815 14.3506 3.22295 13.4099 0.382987 -1.70344 0.0174911 170.000 -1066.00 175.000 -3115.00 3.00000 0.437000 162.532 1 0.00174880 0.00133371 -1.57924e+09 0.00147676 0.00161552 
0.101737 15 5.77000 9.23700 24.9230 20.8300 0.00000 0.00000 0.00000 -0.00781250 0.174805 0.984375 10.0600 0.440000 -118.270 0.00000 0.00000 0.00000 0.00000 0.00000 0.00000 0.534974 2.10815 14.3441 3.22648 13.4143 0.376487 0.893609 0.0565888 170.000 -1068.00 175.000 -3113.00 3.00000 0.437600 162.182 1 -0.0916207 0.000284672 -1.57924e+09 0.000413656 0.000548124 
0.0958416 15 5.77000 9.23700 24.9230 20.8300 0.00000 0.0610352 0.00000 -0.0332031 0.179688 0.975586 10.4300 1.91000 -118.270 0.00000 0.00000 0.00000 0.00000 0.00000 0.00000 0.534974 2.10815 14.3500 3.22533 13.4128 0.382387 -2.22704 0.0190344 170.000 -1070.00 179.000 -3112.00 3.00000 0.438500 162.524 1 -0.193358 0.000344038 -1.57924e+09 0.000470161 0.000680208 
0.589827 15 5.75100 9.24700 24.8620 20.8530 0.00000 -0.122070 0.00000 -0.0449219 0.177734 0.971680 10.3500 2.60000 -118.270 -231.143 233.049 0.953300 0.00000 0.00000 0.00000 0.534974 2.10815 14.3483 3.22505 13.4118 0.380687 -1.81689 0.0108033 170.000 -1067.00 178.000 -3111.00 3.00000 0.436500 161.936 1 0.000714064 0.000271082 0.000766993 0.000476599 0.000612020 
0.00207162 15 5.75100 9.24700 24.8620 20.8530 0.0610352 -0.244141 0.00000 -0.0244141 0.174805 0.966797 10.2400 1.42000 -118.270 -231.143 233.049 0.953300 0.00000 0.00000 0.00000 0.534974 2.10815 14.3473 3.22469 13.4120 0.379687 2.63894 0.00411555 170.000 -1068.00 179.000 -3114.00 3.00000 0.438000 162.796 1 -0.589113 0.000241280 0.00130033 0.000368834 0.000628233 
0.105068 15 5.75100 9.24700 24.8620 20.8530 0.0610352 -0.244141 0.00000 -0.0244141 0.174805 0.966797 10.2400 1.42000 -118.270 -231.143 233.049 0.953300 0.00000 0.00000 0.00000 0.534974 2.10815 14.3473 3.22469 13.4120 0.379687 2.63894 0.00411555 170.000 -1068.00 179.000 -3114.00 3.00000 0.438000 162.796 1 -0.591184 -0.00183034 -0.000771284 -0.00170279 -0.00144339 
0.0949674 15 5.75100 9.24700 24.8620 20.8530 0.00000 -0.0610352 0.0610352 -0.0205078 0.176758 0.979492 10.2200 1.18000 -118.270 -231.143 233.049 0.953300 0.00000 0.00000 0.00000 0.534974 2.10815 14.3482 3.22633 13.4145 0.380587 0.984366 0.0298378 170.000 -1066.00 179.000 -3118.00 3.00000 0.438100 162.374 1 -0.696252 0.000291109 0.000727415 0.000441790 0.000577927 
0.102819 15 5.76500 9.24700 24.9090 20.8200 0.00000 -0.0610352 0.00000 -0.0175781 0.178711 0.977539 10.3500 1.01000 -118.270 -231.143 233.049 0.953300 0.00000 0.00000 0.00000 0.534974 2.10815 14.3563 3.22700 13.4103 0.388687 -1.41023 0.0416700 170.000 -1070.00 182.000 -3114.00 3.00000 0.436500 162.288 1 0.00196791 0.000296831 0.00219727 0.000423431 0.00213265 
0.0972202 15 5.76500 9.24700 24.9090 20.8200 0.00000 0.0610352 0.00000 -0.0107422 0.181641 0.982422 10.4700 0.610000 -118.270 -231.143 233.049 0.953300 0.00000 0.00000 0.00000 0.534974 2.10815 14.3417 3.22550 13.4129 0.374087 2.09963 0.0298378 170.000 -1071.00 180.000 -3109.00 3.00000 0.435700 162.073 1 -0.100851 0.000252962 0.00121570 0.000375032 0.000597477 
0.103718 15 5.76500 9.24700 24.9090 20.8200 0.00000 -0.244141 0.00000 -0.0283203 0.178711 0.970703 10.4200 1.64000 -118.270 -231.143 233.049 0.953300 0.00000 0.00000 0.00000 0.534974 2.10815 14.3445 3.22579 13.4132 0.376887 0.771436 0.00411555 170.000 -1069.00 179.000 -3111.00 3.00000 0.436800 162.221 1 -0.198071 0.000363350 0.000812054 0.000515223 0.000744820 
0.0976846 15 5.76500 9.22300 24.8860 20.8110 0.00000 -0.0610352 0.00000 -0.0380859 0.169922 0.968750 9.94000 2.21000 -118.270 -231.143 233.049 0.953300 0.00000 0.00000 0.00000 0.534974 2.10815 14.3448 3.22518 13.4110 0.377187 -1.84132 0.0226355 170.000 -1069.00 178.000 -3112.00 3.00000 0.435900 162.195 1 0.000325441 0.000282288 0.000748158 0.000438690 0.000656128 
0.102677 15 5.76500 9.22300 24.8860 20.8110 0.00000 -0.122070 0.00000 -0.0136719 0.174805 0.974609 10.1600 0.790000 -118.270 -231.143 233.049 0.953300 0.00000 0.00000 0.00000 0.534974 2.10815 14.3500 3.22458 13.4113 0.382387 2.68257 0.00668777 170.000 -1066.00 178.000 -3111.00 3.00000 0.435600 161.945 1 -0.0973592 0.000272512 0.000681639 0.000398397 0.000615597 
0.0959117 15 5.75100 9.26100 24.8860 20.8390 0.00000 0.00000 0.00000 -0.00585938 0.174805 0.971680 10.1900 0.340000 -118.270 -231.143 233.049 0.953300 0.00000 0.00000 0.00000 0.534974 2.10815 14.3475 3.22833 13.4115 0.379887 0.0541052 0.0375544 170.000 -1070.00 175.000 -3113.00 3.00000 0.435900 161.884 1 0.000711918 0.000275135 0.000695229 0.000422239 0.000634432 
0.101479 15 5.75100 9.26100 24.8860 20.8390 0.00000 -0.122070 0.00000 -0.0439453 0.174805 0.971680 10.1800 2.54000 -118.270 -231.143 233.049 0.953300 0.00000 0.00000 0.00000 0.534974 2.10815 14.3367 3.22478 13.4120 0.369087 3.00371 0.0360111 170.000 -1069.00 179.000 -3110.00 3.00000 0.435000 161.845 1 -0.0951998 0.000289440 0.000746012 0.000436783 0.000680208 
0.102156 15 5.75100 9.26100 24.8860 20.8390 0.00000 -0.0610352 0.00000 -0.0185547 0.166992 0.958008 9.88000 1.09000 -118.280 -231.143 233.049 0.953300 0.00000 0.00000 0.00000 0.534974 2.10815 14.3440 3.22712 13.4084 0.376387 -1.00182 0.0432133 170.000 -1068.00 180.000 -3107.00 3.00000 0.438300 162.103 1 -0.196679 0.000256062 0.000707150 0.000417471 0.000648737 
0.0995169 15 5.73300 9.27000 24.8670 20.8200 0.00000 0.00000 0.00000 0.0107422 0.181641 0.995117 10.3400 -0.600000 -118.280 -231.143 233.049 0.953300 0.00000 0.00000 0.00000 0.534974 2.10815 14.3412 3.22515 13.4104 0.373587 2.32652 0.0288089 170.000 -1068.00 177.000 -3109.00 3.00000 0.437900 162.135 1 0.000658989 0.000265360 0.000689268 0.000395536 0.000612020 
0.0989587 15 5.73300 9.27000 24.8670 20.8200 0.00000 0.00000 -0.0610352 0.00585938 0.181641 0.976562 10.5300 -0.330000 -118.280 -231.143 233.049 0.953300 0.00000 0.00000 0.00000 0.534974 2.10815 14.3464 3.22895 13.4106 0.378787 0.0558505 0.0380689 170.000 -1067.00 177.000 -3110.00 3.00000 0.438900 162.780 1 -0.0988579 0.000246525 0.000668049 0.000390291 0.000602484 
0.0978754 15 5.73300 9.27000 24.8670 20.8200 0.00000 0.00000 0.00000 -0.0195312 0.174805 0.970703 10.2000 1.13000 -118.270 -231.143 233.049 0.953300 0.00000 0.00000 0.00000 0.534974 2.10815 14.3395 3.22911 13.4124 0.371887 1.48004 0.0180055 170.000 -1069.00 180.000 -3110.00 3.00000 0.439500 162.070 1 -0.197817 0.000302792 0.000722647 0.000451565 0.000661373 
0.102453 15 5.75100 9.25100 24.8760 20.7920 0.00000 0.00000 0.0610352 -0.0234375 0.166992 0.960938 9.85000 1.37000 -118.270 -231.143 233.049 0.953300 0.00000 0.00000 0.00000 0.534974 2.10815 14.3367 3.22699 13.4118 0.369087 -2.85536 0.0221211 170.000 -1069.00 181.000 -3109.00 3.00000 0.438800 161.924 1 0.000683546 0.000281572 0.000749826 0.000406981 0.000666380 
0.0975559 15 5.75100 9.25100 24.8760 20.7920 0.00000 -0.122070 -0.0610352 0.00488281 0.183594 0.983398 10.5700 -0.270000 -118.270 -231.143 233.049 0.953300 0.00000 0.00000 0.00000 0.534974 2.10815 14.3410 3.22796 13.4114 0.373387 -0.338594 0.0102889 170.000 -1069.00 180.000 -3112.00 3.00000 0.439200 162.571 1 -0.101769 0.000276804 0.000700951 0.000409603 0.000636339 
0.0999756 15 5.75100 9.25100 24.8760 20.7920 0.00000 -0.0610352 0.00000 -0.0263672 0.170898 0.978516 9.90000 1.52000 -118.270 -231.143 233.049 0.953300 0.00000 0.00000 0.00000 0.534974 2.10815 14.3471 3.23042 13.4111 0.379487 -0.129154 0.0246933 170.000 -1071.00 178.000 -3111.00 3.00000 0.436900 162.107 1 -0.199325 0.000352144 0.000875473 0.000573397 0.000810146 
0.102394 15 5.75100 9.26100 24.8950 20.7780 0.00000 0.00000 0.00000 -0.0380859 0.172852 0.974609 10.0400 2.20000 -118.270 -231.143 233.049 0.953300 0.00000 0.00000 0.00000 0.534974 2.10815 14.3477 3.22862 13.4122 0.380087 2.60578 0.0210922 170.000 -1068.00 177.000 -3114.00 3.00000 0.436400 162.206 1 0.000602722 0.000313759 0.000772715 0.000441551 0.000741720 
0.100173 15 5.75100 9.26100 24.8950 20.7780 0.00000 0.00000 0.00000 -0.0361328 0.174805 0.975586 10.1500 2.08000 -118.270 -231.143 233.049 0.953300 0.00000 0.00000 0.00000 0.534974 2.10815 14.3492 3.23063 13.4095 0.381587 -0.926770 0.0334389 170.000 -1069.00 176.000 -3113.00 3.00000 0.438800 161.989 1 -0.101791 0.000287533 0.000706911 0.000418186 0.000674725 
0.101332 15 5.75100 9.26100 24.8950 20.7780 0.0610352 0.00000 0.00000 0.000976562 0.181641 0.973633 10.5600 -0.0500000 -118.270 -231.143 233.049 0.953300 0.00000 0.00000 0.00000 0.534974 2.10815 14.3459 3.23023 13.4121 0.378287 1.72089 0.0262366 170.000 -1067.00 174.000 -3112.00 3.00000 0.439800 162.125 1 -0.201965 0.000298977 0.000695705 0.000425577 0.000665665 
0.0962420 15 5.78900 9.27000 24.8760 20.8250 0.00000 0.00000 0.00000 -0.0146484 0.169922 0.956055 10.0700 0.860000 -118.270 -231.143 233.049 0.953300 0.00000 0.00000 0.00000 0.534974 2.10815 14.3498 3.23098 13.4107 0.382187 -1.08909 0.0159478 170.000 -1067.00 177.000 -3110.00 3.00000 0.437800 162.706 1 0.000341654 0.000299931 0.000818014 0.000487566 0.000759840 
0.0998945 15 5.78900 9.27000 24.8760 20.8250 0.00000 -0.0610352 0.00000 -0.0371094 0.174805 0.964844 10.2600 2.16000 -118.270 -231.143 233.049 0.953300 0.00000 0.00000 0.00000 0.534974 2.10815 14.3452 3.22937 13.4108 0.377587 3.09098 0.0159478 170.000 -1067.00 178.000 -3113.00 3.00000 0.435600 162.471 1 -0.0959003 0.000300884 0.000749588 0.000471830 0.000717402 
0.101873 15 5.77500 9.25600 24.9040 20.8300 0.00000 0.00000 0.00000 0.00488281 0.182617 0.988281 10.4600 -0.270000 -118.270 -231.143 233.049 0.953300 0.00000 0.00000 0.00000 0.534974 2.10815 14.3446 3.23186 13.4108 0.376987 -0.0157080 0.0246933 170.000 -1068.00 178.000 -3116.00 3.00000 0.436400 162.324 1 0.000748158 0.000290632 0.000730038 0.000437021 0.000696659 
0.0980880 15 5.77500 9.25600 24.9040 20.8300 0.00000 0.00000 0.00000 0.000976562 0.180664 0.985352 10.3800 -0.0500000 -118.270 -231.143 233.049 0.953300 0.00000 0.00000 0.00000 0.534974 2.10815 14.3423 3.22766 13.4104 0.374687 -3.05084 0.0421844 170.000 -1062.00 178.000 -3111.00 3.00000 0.435800 162.186 1 -0.101125 0.000284433 0.000725985 0.000413656 0.000694752 
0.100005 15 5.77500 9.25600 24.9040 20.8300 0.00000 0.0610352 0.00000 -0.0419922 0.172852 0.972656 10.0600 2.43000 -118.270 -231.143 233.049 0.953300 0.00000 0.00000 0.00000 0.534974 2.10815 14.3455 3.22989 13.4094 0.377887 -0.410152 0.0246933 170.000 -1064.00 178.000 -3111.00 3.00000 0.437300 162.140 1 -0.199213 0.000294447 0.000723600 0.000422001 0.000692129 
0.100987 15 5.77500 9.30300 24.9040 20.7880 0.00000 -0.183105 0.00000 -0.0107422 0.182617 0.979492 10.5600 0.610000 -118.270 -231.143 233.049 0.953300 0.00000 0.00000 0.00000 0.534974 2.10815 14.3499 3.22843 13.4099 0.382287 2.80823 0.0154333 170.000 -1068.00 179.000 -3114.00 3.00000 0.433500 162.239 1 0.000706196 0.000289679 0.000735760 0.000415087 0.000691414 
0.0990248 15 5.77500 9.30300 24.9040 20.7880 0.00000 -0.122070 0.00000 0.00195312 0.173828 0.983398 10.0200 -0.110000 -118.270 -231.143 233.049 0.953300 0.00000 0.00000 0.00000 0.534974 2.10815 14.3580 3.22879 13.4055 0.390387 -1.48528 0.0442422 170.000 -1070.00 179.000 -3109.00 3.00000 0.435300 162.565 1 -0.100281 0.000261307 0.000767946 0.000391006 0.000735044 
0.100749 15 5.77500 9.30300 24.9040 20.7880 0.00000 0.122070 -0.0610352 -0.0371094 0.180664 0.980469 10.4300 2.13000 -118.270 -231.143 233.049 0.953300 0.00000 0.00000 0.00000 0.534974 2.10815 14.3616 3.22919 13.4069 0.393987 1.29852 0.0149189 170.000 -1068.00 177.000 -3111.00 3.00000 0.435300 161.987 1 -0.199306 0.000337839 0.000773430 0.000499249 0.000740767 
0.0996766 15 5.70400 9.23700 24.8670 20.8060 0.00000 -0.122070 0.00000 -0.0371094 0.165039 0.958008 9.76000 2.18000 -118.270 -231.143 233.049 0.953300 0.00000 0.00000 0.00000 0.534974 2.10815 14.3523 3.22707 13.4064 0.384687 -2.88154 0.0221211 170.000 -1068.00 177.000 -3108.00 3.00000 0.435800 162.448 1 0.000743389 0.000333071 0.000792027 0.000462055 0.000758886 
0.0997896 15 5.70400 9.23700 24.8670 20.8060 0.00000 -0.0610352 0.00000 -0.00195312 0.168945 0.977539 9.80000 0.110000 -118.270 -231.143 233.049 0.953300 0.00000 0.00000 0.00000 0.534974 2.10815 14.3583 3.22868 13.4066 0.390687 0.109956 0.0159478 170.000 -1067.00 179.000 -3110.00 3.00000 0.437100 161.808 1 -0.0989332 0.000316858 0.000740290 0.000450850 0.000709057 
0.100836 15 5.70400 9.23700 24.8670 20.8060 0.00000 0.00000 0.00000 -0.0253906 0.178711 0.987305 10.2500 1.44000 -118.270 -231.143 233.049 0.953300 0.00000 0.00000 0.00000 0.534974 2.10815 14.3547 3.22622 13.4074 0.387087 2.82220 0.0257222 170.000 -1069.00 178.000 -3111.00 3.00000 0.434800 161.822 1 -0.198723 0.000314713 0.000764132 0.000479698 0.000730991 
0.0992677 15 5.76500 9.24700 24.8810 20.8200 0.00000 0.00000 0.00000 -0.0488281 0.161133 0.947266 9.64000 2.90000 -118.270 -231.143 233.049 0.953300 0.00000 0.00000 0.00000 0.534974 2.10815 14.3532 3.22694 13.4072 0.385587 -0.280998 0.00771666 170.000 -1068.00 178.000 -3113.00 3.00000 0.432700 162.153 1 0.000649929 0.000320673 0.000820398 0.000504494 0.000789165 
0.0996540 15 5.76500 9.24700 24.8810 20.8200 0.00000 -0.0610352 0.0610352 0.000976562 0.179688 0.984375 10.3400 -0.0500000 -118.270 -231.143 233.049 0.953300 0.00000 0.00000 0.00000 0.534974 2.10815 14.3603 3.22726 13.4051 0.392687 -1.41546 0.0205778 170.000 -1069.00 182.000 -3110.00 3.00000 0.438200 161.821 1 -0.0986178 0.000323057 0.000720978 0.000450850 0.000689030 
0.100085 15 5.76500 9.24700 24.8810 20.8200 -0.122070 0.183105 0.00000 -0.0146484 0.181641 0.979492 10.5000 0.840000 -118.270 -231.143 233.049 0.953300 0.00000 0.00000 0.00000 0.534974 2.10815 14.3637 3.22716 13.4035 0.396087 -1.63363 0.0159478 170.000 -1067.00 181.000 -3111.00 3.00000 0.436900 162.310 1 -0.198272 0.000289440 0.000759602 0.000417709 0.000725746 
0.100040 15 5.76100 9.26100 24.9000 20.7970 -0.122070 0.122070 0.00000 -0.0390625 0.181641 0.981445 10.4700 2.24000 -118.270 -231.143 233.049 0.953300 0.00000 0.00000 0.00000 0.534974 2.10815 14.3599 3.22820 13.4071 0.392287 1.28980 0.0375544 170.000 -1069.00 180.000 -3112.00 3.00000 0.436500 162.090 1 0.000333071 0.000290871 0.000771284 0.000461817 0.000736952 
0.0997031 15 5.76100 9.26100 24.9000 20.7970 0.00000 0.00000 0.0610352 -0.00292969 0.167969 0.978516 9.74000 0.160000 -118.270 -231.143 233.049 0.953300 0.00000 0.00000 0.00000 0.534974 2.10815 14.3604 3.22823 13.4048 0.392787 -1.56032 0.0231500 170.000 -1068.00 179.000 -3108.00 3.00000 0.436800 161.988 1 -0.0997066 0.000290155 0.000742435 0.000436306 0.000709295 
0.100024 15 5.73700 9.23700 24.8670 20.7970 -0.122070 0.00000 0.00000 -0.0136719 0.168945 0.975586 9.82000 0.790000 -118.270 -231.143 233.049 0.953300 0.00000 0.00000 0.00000 0.534974 2.10815 14.3571 3.22632 13.4038 0.389487 -2.63021 0.0221211 170.000 -1069.00 181.000 -3113.00 3.00000 0.438300 161.811 1 0.000774145 0.000296593 0.000757217 0.000426531 0.000721931 
0.102763 15 5.73700 9.23700 24.8670 20.7970 0.00000 0.00000 0.00000 -0.0517578 0.174805 0.971680 10.1800 3.00000 -118.270 -231.143 233.049 0.953300 0.00000 0.00000 0.00000 0.534974 2.10815 14.3511 3.22584 13.4060 0.383487 1.78722 0.0226355 170.000 -1068.00 179.000 -3110.00 3.00000 0.438200 162.180 1 -0.0992501 0.000295162 0.000770807 0.000447273 0.000737429 
