0.000000 0.000000 0.000000 0.000000 0.000000 0.000000 0.000000 0.000000 0.000000 0.000000 0.000000 0.000000 0.000000 0.000000 0.000000 0.000000 0.000000 0.000000 0 0 0 0.000000 0.000000 0.000000 0.000000 0.000000 0.000000 0.000000 1579337088.000000 
0.000000 0.000000 0.000000 0.000000 0.000000 0.000000 0.000000 0.000000 0.000000 0.000000 0.000000 0.000000 0.000000 0.000000 0.000000 0.000000 0.000000 0.000000 0 0 0 0.000000 0.000000 0.000000 0.000000 0.000000 0.000000 0.000000 0.099777 
0.000000 0.000000 0.000000 0.000000 0.000000 0.000000 0.000000 0.000000 0.000000 0.000000 0.000000 0.000000 0.000000 0.000000 0.000000 0.000000 0.000000 0.000000 0 0 0 0.000000 0.000000 0.000000 0.000000 0.000000 0.000000 0.000000 0.099747 
0.000000 0.000000 0.000000 0.000000 0.000000 0.000000 -110.000000 392.000000 -2889.000000 105.000000 0.000000 0.000000 0.000000 0.000000 0.000000 0.000000 0.000000 0.000000 0 0 0 0.000000 0.000000 0.000000 0.000000 0.000000 0.000000 0.000000 0.099775 
0.000000 0.000000 0.000000 0.000000 0.000000 0.000000 -109.000000 392.000000 -2890.000000 105.000000 0.000000 0.000000 0.000000 0.000000 0.000000 0.000000 0.000000 0.000000 0 0 0 0.000000 0.000000 0.000000 0.000000 0.000000 0.000000 0.000000 0.099774 
0.000000 0.000000 0.000000 0.000000 0.000000 0.000000 -110.000000 390.000000 -2889.000000 105.000000 0.000000 0.000000 0.000000 0.000000 0.000000 0.000000 0.000000 0.000000 0 0 0 0.000000 0.000000 0.000000 0.000000 0.000000 0.000000 0.000000 0.099732 
0.000000 0.000000 0.000000 0.000000 0.000000 0.000000 -109.000000 390.000000 -2887.000000 105.000000 0.000000 0.000000 0.000000 0.000000 0.000000 0.000000 0.000000 0.000000 0 0 0 0.000000 0.000000 0.000000 0.000000 0.000000 0.000000 0.000000 0.099730 
0.000000 0.000000 0.000000 0.000000 0.000000 0.000000 -111.000000 387.000000 -2888.000000 105.000000 0.000000 0.000000 0.000000 0.000000 0.000000 0.000000 0.000000 0.000000 0 0 0 0.000000 0.000000 0.000000 0.000000 0.000000 0.000000 0.000000 0.099794 
0.000000 0.000000 0.000000 0.000000 0.000000 0.000000 -113.000000 388.000000 -2889.000000 106.000000 0.000000 0.000000 0.000000 0.000000 0.000000 0.000000 0.000000 0.000000 0 0 0 0.000000 0.000000 0.000000 0.000000 0.000000 0.000000 0.000000 0.099764 
0.000000 0.000000 0.000000 0.000000 0.000000 0.000000 -109.000000 388.000000 -2888.000000 105.000000 0.000000 0.000000 0.000000 0.000000 0.000000 0.000000 0.000000 0.000000 0 0 0 0.000000 0.000000 0.000000 0.000000 0.000000 0.000000 0.000000 0.099721 
0.000000 0.000000 0.000000 0.000000 0.000000 0.000000 -110.000000 390.000000 -2894.000000 105.000000 0.000000 0.000000 0.000000 0.000000 0.000000 0.000000 0.000000 0.000000 0 0 0 0.000000 0.000000 0.000000 0.000000 0.000000 0.000000 0.000000 0.099716 
0.000000 0.000000 0.000000 0.000000 0.000000 0.000000 -113.000000 389.000000 -2887.000000 106.000000 0.000000 0.000000 0.000000 0.000000 0.000000 0.000000 0.000000 0.000000 0 0 0 0.000000 0.000000 0.000000 0.000000 0.000000 0.000000 0.000000 0.099826 
0.000000 0.000000 0.000000 0.000000 0.000000 0.000000 -112.000000 391.000000 -2889.000000 105.000000 0.000000 0.000000 0.000000 0.000000 0.000000 0.000000 0.000000 0.000000 0 0 0 0.000000 0.000000 0.000000 0.000000 0.000000 0.000000 0.000000 0.099743 
0.000000 0.000000 0.000000 0.000000 0.000000 0.000000 -114.000000 387.000000 -2892.000000 106.000000 0.000000 0.000000 0.000000 0.000000 0.000000 0.000000 0.000000 0.000000 0 0 0 0.000000 0.000000 0.000000 0.000000 0.000000 0.000000 0.000000 0.099639 
0.000000 0.000000 0.000000 0.000000 0.000000 0.000000 -112.000000 389.000000 -2887.000000 106.000000 0.000000 0.000000 0.000000 0.000000 0.000000 0.000000 0.000000 0.000000 0 0 0 0.000000 0.000000 0.000000 0.000000 0.000000 0.000000 0.000000 0.099810 
0.000000 0.000000 0.000000 0.000000 0.000000 0.000000 -114.000000 389.000000 -2886.000000 106.000000 0.000000 0.000000 0.000000 0.000000 0.000000 0.000000 0.000000 0.000000 0 0 0 0.000000 0.000000 0.000000 0.000000 0.000000 0.000000 0.000000 0.099679 
0.000000 0.000000 0.000000 0.000000 0.000000 0.000000 -112.000000 388.000000 -2894.000000 106.000000 0.000000 0.000000 0.000000 0.000000 0.000000 0.000000 0.000000 0.000000 0 0 0 0.000000 0.000000 0.000000 0.000000 0.000000 0.000000 0.000000 0.099823 
0.000000 0.000000 0.000000 0.000000 0.000000 0.000000 -112.000000 389.000000 -2888.000000 106.000000 0.000000 0.000000 0.000000 0.000000 0.000000 0.000000 0.000000 0.000000 0 0 0 0.000000 0.000000 0.000000 0.000000 0.000000 0.000000 0.000000 0.099763 
0.000000 0.000000 0.000000 0.000000 0.000000 0.000000 -113.000000 388.000000 -2889.000000 106.000000 0.000000 0.000000 0.000000 0.000000 0.000000 0.000000 0.000000 0.000000 0 0 0 0.000000 0.000000 0.000000 0.000000 0.000000 0.000000 0.000000 0.099730 
0.000000 0.000000 0.000000 0.000000 0.000000 0.000000 -111.000000 388.000000 -2890.000000 105.000000 0.000000 0.000000 0.000000 0.000000 0.000000 0.000000 0.000000 0.000000 0 0 0 0.000000 0.000000 0.000000 0.000000 0.000000 0.000000 0.000000 0.099736 
0.000000 0.000000 0.000000 0.000000 0.000000 0.000000 -111.000000 387.000000 -2890.000000 105.000000 0.000000 0.000000 0.000000 0.000000 0.000000 0.000000 0.000000 0.000000 0 0 0 0.000000 0.000000 0.000000 0.000000 0.000000 0.000000 0.000000 0.099759 
0.000000 0.000000 0.000000 0.000000 0.000000 0.000000 -113.000000 388.000000 -2889.000000 106.000000 0.000000 0.000000 0.000000 0.000000 0.000000 0.000000 0.000000 0.000000 0 0 0 0.000000 0.000000 0.000000 0.000000 0.000000 0.000000 0.000000 0.099709 
0.000000 0.000000 0.000000 0.000000 0.000000 0.000000 -110.000000 388.000000 -2885.000000 105.000000 0.000000 0.000000 0.000000 0.000000 0.000000 0.000000 0.000000 0.000000 0 0 0 0.000000 0.000000 0.000000 0.000000 0.000000 0.000000 0.000000 0.099750 
0.000000 0.000000 0.000000 0.000000 0.000000 0.000000 -109.000000 390.000000 -2890.000000 105.000000 0.000000 0.000000 0.000000 0.000000 0.000000 0.000000 0.000000 0.000000 0 0 0 0.000000 0.000000 0.000000 0.000000 0.000000 0.000000 0.000000 0.099736 
0.000000 0.000000 0.000000 0.000000 0.000000 0.000000 -109.000000 386.000000 -2894.000000 105.000000 0.000000 0.000000 0.000000 0.000000 0.000000 0.000000 0.000000 0.000000 0 0 0 0.000000 0.000000 0.000000 0.000000 0.000000 0.000000 0.000000 0.099785 
0.000000 0.000000 0.000000 0.000000 0.000000 0.000000 -111.000000 387.000000 -2887.000000 105.000000 0.000000 0.000000 0.000000 0.000000 0.000000 0.000000 0.000000 0.000000 0 0 0 0.000000 0.000000 0.000000 0.000000 0.000000 0.000000 0.000000 0.099706 
0.000000 0.000000 0.000000 0.000000 0.000000 0.000000 -110.000000 389.000000 -2888.000000 105.000000 0.000000 0.000000 0.000000 0.000000 0.000000 0.000000 0.000000 0.000000 0 0 0 0.000000 0.000000 0.000000 0.000000 0.000000 0.000000 0.000000 0.099726 
0.000000 0.000000 0.000000 0.000000 0.000000 0.000000 -110.000000 390.000000 -2891.000000 105.000000 0.000000 0.000000 0.000000 0.000000 0.000000 0.000000 0.000000 0.000000 0 0 0 0.000000 0.000000 0.000000 0.000000 0.000000 0.000000 0.000000 0.099755 
0.000000 0.000000 0.000000 0.000000 0.000000 0.000000 -111.000000 386.000000 -2891.000000 106.000000 0.000000 0.000000 0.000000 0.000000 0.000000 0.000000 0.000000 0.000000 0 0 0 0.000000 0.000000 0.000000 0.000000 0.000000 0.000000 0.000000 0.099723 
0.000000 0.000000 0.000000 0.000000 0.000000 0.000000 -111.000000 388.000000 -2896.000000 105.000000 0.000000 0.000000 0.000000 0.000000 0.000000 0.000000 0.000000 0.000000 0 0 0 0.000000 0.000000 0.000000 0.000000 0.000000 0.000000 0.000000 0.099779 
0.000000 0.000000 0.000000 0.000000 0.000000 0.000000 -114.000000 388.000000 -2886.000000 106.000000 0.000000 0.000000 0.000000 0.000000 0.000000 0.000000 0.000000 0.000000 0 0 0 0.000000 0.000000 0.000000 0.000000 0.000000 0.000000 0.000000 0.099729 
0.000000 0.000000 0.000000 0.000000 0.000000 0.000000 -112.000000 388.000000 -2889.000000 106.000000 0.000000 0.000000 0.000000 0.000000 0.000000 0.000000 0.000000 0.000000 0 0 0 0.000000 0.000000 0.000000 0.000000 0.000000 0.000000 0.000000 0.099757 
0.000000 0.000000 0.000000 0.000000 0.000000 0.000000 -114.000000 388.000000 -2889.000000 106.000000 0.000000 0.000000 0.000000 0.000000 0.000000 0.000000 0.000000 0.000000 0 0 0 0.000000 0.000000 0.000000 0.000000 0.000000 0.000000 0.000000 0.099751 
0.000000 0.000000 0.000000 0.000000 0.000000 0.000000 -112.000000 386.000000 -2888.000000 106.000000 0.000000 0.000000 0.000000 0.000000 0.000000 0.000000 0.000000 0.000000 0 0 0 0.000000 0.000000 0.000000 0.000000 0.000000 0.000000 0.000000 0.099778 
0.000000 0.000000 0.000000 0.000000 0.000000 0.000000 -113.000000 388.000000 -2887.000000 106.000000 0.000000 0.000000 0.000000 0.000000 0.000000 0.000000 0.000000 0.000000 0 0 0 0.000000 0.000000 0.000000 0.000000 0.000000 0.000000 0.000000 0.099789 
0.000000 0.000000 0.000000 0.000000 0.000000 0.000000 -113.000000 389.000000 -2893.000000 106.000000 0.000000 0.000000 0.000000 0.000000 0.000000 0.000000 0.000000 0.000000 0 0 0 0.000000 0.000000 0.000000 0.000000 0.000000 0.000000 0.000000 0.099712 
0.000000 0.000000 0.000000 0.000000 0.000000 0.000000 -111.000000 389.000000 -2890.000000 105.000000 0.000000 0.000000 0.000000 0.000000 0.000000 0.000000 0.000000 0.000000 0 0 0 0.000000 0.000000 0.000000 0.000000 0.000000 0.000000 0.000000 0.099768 
0.000000 0.000000 0.000000 0.000000 0.000000 0.000000 -110.000000 391.000000 -2893.000000 105.000000 0.000000 0.000000 0.000000 0.000000 0.000000 0.000000 0.000000 0.000000 0 0 0 0.000000 0.000000 0.000000 0.000000 0.000000 0.000000 0.000000 0.099784 
0.000000 0.000000 0.000000 0.000000 0.000000 0.000000 -111.000000 391.000000 -2896.000000 105.000000 0.000000 0.000000 0.000000 0.000000 0.000000 0.000000 0.000000 0.000000 0 0 0 0.000000 0.000000 0.000000 0.000000 0.000000 0.000000 0.000000 0.099744 
0.000000 0.000000 0.000000 0.000000 0.000000 0.000000 -108.000000 390.000000 -2895.000000 105.000000 0.000000 0.000000 0.000000 0.000000 0.000000 0.000000 0.000000 0.000000 0 0 0 0.000000 0.000000 0.000000 0.000000 0.000000 0.000000 0.000000 0.099745 
0.000000 0.000000 0.000000 0.000000 0.000000 0.000000 -111.000000 392.000000 -2896.000000 105.000000 0.000000 0.000000 0.000000 0.000000 0.000000 0.000000 0.000000 0.000000 0 0 0 0.000000 0.000000 0.000000 0.000000 0.000000 0.000000 0.000000 0.099833 
0.000000 0.000000 0.000000 0.000000 0.000000 0.000000 -112.000000 392.000000 -2896.000000 105.000000 0.000000 0.000000 0.000000 0.000000 0.000000 0.000000 0.000000 0.000000 0 0 0 0.000000 0.000000 0.000000 0.000000 0.000000 0.000000 0.000000 0.099683 
0.000000 0.000000 0.000000 0.000000 0.000000 0.000000 -112.000000 389.000000 -2896.000000 106.000000 0.000000 0.000000 0.000000 0.000000 0.000000 0.000000 0.000000 0.000000 0 0 0 0.000000 0.000000 0.000000 0.000000 0.000000 0.000000 0.000000 0.099732 
0.000000 0.000000 0.000000 0.000000 0.000000 0.000000 -112.000000 390.000000 -2894.000000 105.000000 0.000000 0.000000 0.000000 0.000000 0.000000 0.000000 0.000000 0.000000 0 0 0 0.000000 0.000000 0.000000 0.000000 0.000000 0.000000 0.000000 0.099712 
0.000000 0.000000 0.000000 0.000000 0.000000 0.000000 -111.000000 393.000000 -2888.000000 105.000000 0.000000 0.000000 0.000000 0.000000 0.000000 0.000000 0.000000 0.000000 0 0 0 0.000000 0.000000 0.000000 0.000000 0.000000 0.000000 0.000000 0.099712 
0.000000 0.000000 0.000000 0.000000 0.000000 0.000000 -110.000000 392.000000 -2891.000000 105.000000 0.000000 0.000000 0.000000 0.000000 0.000000 0.000000 0.000000 0.000000 0 0 0 0.000000 0.000000 0.000000 0.000000 0.000000 0.000000 0.000000 0.099712 
0.000000 0.000000 0.000000 0.000000 0.000000 0.000000 -111.000000 390.000000 -2887.000000 105.000000 0.000000 0.000000 0.000000 0.000000 0.000000 0.000000 0.000000 0.000000 0 0 0 0.000000 0.000000 0.000000 0.000000 0.000000 0.000000 0.000000 0.099755 
0.000000 0.000000 0.000000 0.000000 0.000000 0.000000 -111.000000 391.000000 -2888.000000 105.000000 0.000000 0.000000 0.000000 0.000000 0.000000 0.000000 0.000000 0.000000 0 0 0 0.000000 0.000000 0.000000 0.000000 0.000000 0.000000 0.000000 0.099725 
0.000000 0.000000 0.000000 0.000000 0.000000 0.000000 -112.000000 392.000000 -2889.000000 105.000000 0.000000 0.000000 0.000000 0.000000 0.000000 0.000000 0.000000 0.000000 0 0 0 0.000000 0.000000 0.000000 0.000000 0.000000 0.000000 0.000000 0.099738 
0.000000 0.000000 0.000000 0.000000 0.000000 0.000000 -110.000000 392.000000 -2889.000000 105.000000 0.000000 0.000000 0.000000 0.000000 0.000000 0.000000 0.000000 0.000000 0 0 0 0.000000 0.000000 0.000000 0.000000 0.000000 0.000000 0.000000 0.099783 
0.000000 0.000000 0.000000 0.000000 0.000000 0.000000 -110.000000 392.000000 -2889.000000 105.000000 0.000000 0.000000 0.000000 0.000000 0.000000 0.000000 0.000000 0.000000 0 0 0 0.000000 0.000000 0.000000 0.000000 0.000000 0.000000 0.000000 0.099731 
0.000000 0.000000 0.000000 0.000000 0.000000 0.000000 -112.000000 389.000000 -2891.000000 106.000000 0.000000 0.000000 0.000000 0.000000 0.000000 0.000000 0.000000 0.000000 0 0 0 0.000000 0.000000 0.000000 0.000000 0.000000 0.000000 0.000000 0.099763 
0.000000 0.000000 0.000000 0.000000 0.000000 0.000000 -114.000000 389.000000 -2891.000000 106.000000 0.000000 0.000000 0.000000 0.000000 0.000000 0.000000 0.000000 0.000000 0 0 0 0.000000 0.000000 0.000000 0.000000 0.000000 0.000000 0.000000 0.099780 
0.000000 0.000000 0.000000 0.000000 0.000000 0.000000 -115.000000 389.000000 -2893.000000 106.000000 0.000000 0.000000 0.000000 0.000000 0.000000 0.000000 0.000000 0.000000 0 0 0 0.000000 0.000000 0.000000 0.000000 0.000000 0.000000 0.000000 0.099586 
0.000000 0.000000 0.000000 0.000000 0.000000 0.000000 -114.000000 390.000000 -2889.000000 106.000000 0.000000 0.000000 0.000000 0.000000 0.000000 0.000000 0.000000 0.000000 0 0 0 0.000000 0.000000 0.000000 0.000000 0.000000 0.000000 0.000000 0.099708 
0.000000 0.000000 0.000000 0.000000 0.000000 0.000000 -112.000000 391.000000 -2889.000000 105.000000 0.000000 0.000000 0.000000 0.000000 0.000000 0.000000 0.000000 0.000000 0 0 0 0.000000 0.000000 0.000000 0.000000 0.000000 0.000000 0.000000 0.099764 
0.000000 0.000000 0.000000 0.000000 0.000000 0.000000 -113.000000 393.000000 -2888.000000 106.000000 0.000000 0.000000 0.000000 0.000000 0.000000 0.000000 0.000000 0.000000 0 0 0 0.000000 0.000000 0.000000 0.000000 0.000000 0.000000 0.000000 0.099838 
0.000000 0.000000 0.000000 0.000000 0.000000 0.000000 -113.000000 389.000000 -2887.000000 106.000000 0.000000 0.000000 0.000000 0.000000 0.000000 0.000000 0.000000 0.000000 0 0 0 0.000000 0.000000 0.000000 0.000000 0.000000 0.000000 0.000000 0.099582 
0.000000 0.000000 0.000000 0.000000 0.000000 0.000000 -114.000000 391.000000 -2892.000000 106.000000 0.000000 0.000000 0.000000 0.000000 0.000000 0.000000 0.000000 0.000000 0 0 0 0.000000 0.000000 0.000000 0.000000 0.000000 0.000000 0.000000 0.099830 
0.000000 0.000000 0.000000 0.000000 0.000000 0.000000 -112.000000 391.000000 -2885.000000 105.000000 0.000000 0.000000 0.000000 0.000000 0.000000 0.000000 0.000000 0.000000 0 0 0 0.000000 0.000000 0.000000 0.000000 0.000000 0.000000 0.000000 0.099693 
0.000000 0.000000 0.000000 0.000000 0.000000 0.000000 -112.000000 391.000000 -2885.000000 105.000000 0.000000 0.000000 0.000000 0.000000 0.000000 0.000000 0.000000 0.000000 0 0 0 0.000000 0.000000 0.000000 0.000000 0.000000 0.000000 0.000000 0.099768 
0.000000 0.000000 0.000000 0.000000 0.000000 0.000000 -113.000000 389.000000 -2891.000000 106.000000 0.000000 0.000000 0.000000 0.000000 0.000000 0.000000 0.000000 0.000000 0 0 0 0.000000 0.000000 0.000000 0.000000 0.000000 0.000000 0.000000 0.099817 
0.000000 0.000000 0.000000 0.000000 0.000000 0.000000 -113.000000 388.000000 -2889.000000 106.000000 0.000000 0.000000 0.000000 0.000000 0.000000 0.000000 0.000000 0.000000 0 0 0 0.000000 0.000000 0.000000 0.000000 0.000000 0.000000 0.000000 0.099653 
0.000000 0.000000 0.000000 0.000000 0.000000 0.000000 -113.000000 388.000000 -2889.000000 106.000000 0.000000 0.000000 0.000000 0.000000 0.000000 0.000000 0.000000 0.000000 0 0 0 0.000000 0.000000 0.000000 0.000000 0.000000 0.000000 0.000000 0.099761 
0.000000 0.000000 0.000000 0.000000 0.000000 0.000000 -114.000000 390.000000 -2893.000000 106.000000 0.000000 0.000000 0.000000 0.000000 0.000000 0.000000 0.000000 0.000000 0 0 0 0.000000 0.000000 0.000000 0.000000 0.000000 0.000000 0.000000 0.099761 
0.000000 0.000000 0.000000 0.000000 0.000000 0.000000 -113.000000 390.000000 -2892.000000 106.000000 0.000000 0.000000 0.000000 0.000000 0.000000 0.000000 0.000000 0.000000 0 0 0 0.000000 0.000000 0.000000 0.000000 0.000000 0.000000 0.000000 0.099663 
0.000000 0.000000 0.000000 0.000000 0.000000 0.000000 -111.000000 389.000000 -2889.000000 105.000000 0.000000 0.000000 0.000000 0.000000 0.000000 0.000000 0.000000 0.000000 0 0 0 0.000000 0.000000 0.000000 0.000000 0.000000 0.000000 0.000000 0.099731 
0.000000 0.000000 0.000000 0.000000 0.000000 0.000000 -114.000000 390.000000 -2891.000000 106.000000 0.000000 0.000000 0.000000 0.000000 0.000000 0.000000 0.000000 0.000000 0 0 0 0.000000 0.000000 0.000000 0.000000 0.000000 0.000000 0.000000 0.099687 
0.000000 0.000000 0.000000 0.000000 0.000000 0.000000 -115.000000 391.000000 -2889.000000 106.000000 0.000000 0.000000 0.000000 0.000000 0.000000 0.000000 0.000000 0.000000 0 0 0 0.000000 0.000000 0.000000 0.000000 0.000000 0.000000 0.000000 0.099733 
0.000000 0.000000 0.000000 0.000000 0.000000 0.000000 -115.000000 389.000000 -2888.000000 106.000000 0.000000 0.000000 0.000000 0.000000 0.000000 0.000000 0.000000 0.000000 0 0 0 0.000000 0.000000 0.000000 0.000000 0.000000 0.000000 0.000000 0.099820 
0.000000 0.000000 0.000000 0.000000 0.000000 0.000000 -114.000000 387.000000 -2888.000000 106.000000 0.000000 0.000000 0.000000 0.000000 0.000000 0.000000 0.000000 0.000000 0 0 0 0.000000 0.000000 0.000000 0.000000 0.000000 0.000000 0.000000 0.099753 
0.000000 0.000000 0.000000 0.000000 0.000000 0.000000 -111.000000 391.000000 -2894.000000 105.000000 0.000000 0.000000 0.000000 0.000000 0.000000 0.000000 0.000000 0.000000 0 0 0 0.000000 0.000000 0.000000 0.000000 0.000000 0.000000 0.000000 0.099714 
0.000000 0.000000 0.000000 0.000000 0.000000 0.000000 -114.000000 392.000000 -2891.000000 106.000000 0.000000 0.000000 0.000000 0.000000 0.000000 0.000000 0.000000 0.000000 0 0 0 0.000000 0.000000 0.000000 0.000000 0.000000 0.000000 0.000000 0.099689 
0.000000 0.000000 0.000000 0.000000 0.000000 0.000000 -114.000000 394.000000 -2886.000000 106.000000 0.000000 0.000000 0.000000 0.000000 0.000000 0.000000 0.000000 0.000000 0 0 0 0.000000 0.000000 0.000000 0.000000 0.000000 0.000000 0.000000 0.099773 
0.000000 0.000000 0.000000 0.000000 0.000000 0.000000 -111.000000 394.000000 -2889.000000 105.000000 0.000000 0.000000 0.000000 0.000000 0.000000 0.000000 0.000000 0.000000 0 0 0 0.000000 0.000000 0.000000 0.000000 0.000000 0.000000 0.000000 0.099777 
0.000000 0.000000 0.000000 0.000000 0.000000 0.000000 -110.000000 392.000000 -2886.000000 105.000000 0.000000 0.000000 0.000000 0.000000 0.000000 0.000000 0.000000 0.000000 0 0 0 0.000000 0.000000 0.000000 0.000000 0.000000 0.000000 0.000000 0.099753 
0.000000 0.000000 0.000000 0.000000 0.000000 0.000000 -110.000000 390.000000 -2891.000000 105.000000 0.000000 0.000000 0.000000 0.000000 0.000000 0.000000 0.000000 0.000000 0 0 0 0.000000 0.000000 0.000000 0.000000 0.000000 0.000000 0.000000 0.099792 
0.000000 0.000000 0.000000 0.000000 0.000000 0.000000 -110.000000 390.000000 -2886.000000 105.000000 0.000000 0.000000 0.000000 0.000000 0.000000 0.000000 0.000000 0.000000 0 0 0 0.000000 0.000000 0.000000 0.000000 0.000000 0.000000 0.000000 0.099704 
0.000000 0.000000 0.000000 0.000000 0.000000 0.000000 -110.000000 391.000000 -2886.000000 105.000000 0.000000 0.000000 0.000000 0.000000 0.000000 0.000000 0.000000 0.000000 0 0 0 0.000000 0.000000 0.000000 0.000000 0.000000 0.000000 0.000000 0.099777 
0.000000 0.000000 0.000000 0.000000 0.000000 0.000000 -110.000000 389.000000 -2888.000000 105.000000 0.000000 0.000000 0.000000 0.000000 0.000000 0.000000 0.000000 0.000000 0 0 0 0.000000 0.000000 0.000000 0.000000 0.000000 0.000000 0.000000 0.099726 
0.000000 0.000000 0.000000 0.000000 0.000000 0.000000 -111.000000 387.000000 -2887.000000 105.000000 0.000000 0.000000 0.000000 0.000000 0.000000 0.000000 0.000000 0.000000 0 0 0 0.000000 0.000000 0.000000 0.000000 0.000000 0.000000 0.000000 0.099769 
0.000000 0.000000 0.000000 0.000000 0.000000 0.000000 -111.000000 391.000000 -2886.000000 105.000000 0.000000 0.000000 0.000000 0.000000 0.000000 0.000000 0.000000 0.000000 0 0 0 0.000000 0.000000 0.000000 0.000000 0.000000 0.000000 0.000000 0.099761 
0.000000 0.000000 0.000000 0.000000 0.000000 0.000000 -112.000000 391.000000 -2884.000000 105.000000 0.000000 0.000000 0.000000 0.000000 0.000000 0.000000 0.000000 0.000000 0 0 0 0.000000 0.000000 0.000000 0.000000 0.000000 0.000000 0.000000 0.099772 
0.000000 0.000000 0.000000 0.000000 0.000000 0.000000 -112.000000 391.000000 -2888.000000 105.000000 0.000000 0.000000 0.000000 0.000000 0.000000 0.000000 0.000000 0.000000 0 0 0 0.000000 0.000000 0.000000 0.000000 0.000000 0.000000 0.000000 0.099767 
0.000000 0.000000 0.000000 0.000000 0.000000 0.000000 -112.000000 390.000000 -2890.000000 105.000000 0.000000 0.000000 0.000000 0.000000 0.000000 0.000000 0.000000 0.000000 0 0 0 0.000000 0.000000 0.000000 0.000000 0.000000 0.000000 0.000000 0.099770 
0.000000 0.000000 0.000000 0.000000 0.000000 0.000000 -110.000000 392.000000 -2891.000000 105.000000 0.000000 0.000000 0.000000 0.000000 0.000000 0.000000 0.000000 0.000000 0 0 0 0.000000 0.000000 0.000000 0.000000 0.000000 0.000000 0.000000 0.099767 
0.000000 0.000000 0.000000 0.000000 0.000000 0.000000 -111.000000 392.000000 -2887.000000 105.000000 0.000000 0.000000 0.000000 0.000000 0.000000 0.000000 0.000000 0.000000 0 0 0 0.000000 0.000000 0.000000 0.000000 0.000000 0.000000 0.000000 0.099735 
0.000000 0.000000 0.000000 0.000000 0.000000 0.000000 -110.000000 390.000000 -2887.000000 105.000000 0.000000 0.000000 0.000000 0.000000 0.000000 0.000000 0.000000 0.000000 0 0 0 0.000000 0.000000 0.000000 0.000000 0.000000 0.000000 0.000000 0.099777 
0.000000 0.000000 0.000000 0.000000 0.000000 0.000000 -111.000000 389.000000 -2884.000000 105.000000 0.000000 0.000000 0.000000 0.000000 0.000000 0.000000 0.000000 0.000000 0 0 0 0.000000 0.000000 0.000000 0.000000 0.000000 0.000000 0.000000 0.099773 
0.000000 0.000000 0.000000 0.000000 0.000000 0.000000 -112.000000 388.000000 -2887.000000 106.000000 0.000000 0.000000 0.000000 0.000000 0.000000 0.000000 0.000000 0.000000 0 0 0 0.000000 0.000000 0.000000 0.000000 0.000000 0.000000 0.000000 0.099741 
0.000000 0.000000 0.000000 0.000000 0.000000 0.000000 -113.000000 389.000000 -2891.000000 106.000000 0.000000 0.000000 0.000000 0.000000 0.000000 0.000000 0.000000 0.000000 0 0 0 0.000000 0.000000 0.000000 0.000000 0.000000 0.000000 0.000000 0.099768 
0.000000 0.000000 0.000000 0.000000 0.000000 0.000000 -113.000000 388.000000 -2892.000000 106.000000 0.000000 0.000000 0.000000 0.000000 0.000000 0.000000 0.000000 0.000000 0 0 0 0.000000 0.000000 0.000000 0.000000 0.000000 0.000000 0.000000 0.099714 
